id : 1 , description : DO MATH HOEMWORK , status : done, created_at : 2024-12-18 18:59:48.708347 , updated_at : 2024-12-18 18:59:48.708347 , 
id : 2 , description : COMPLETE THE QUIZ , status : todo , created_at : 2024-12-18 19:14:43.663320 , updated_at : 2024-12-18 19:14:43.663320 , 
id : 3 , description : COMPLETE ALL THE ASSGIGNMENTS , status : in-progress, created_at : 2024-12-18 19:14:57.401230 , updated_at : 2024-12-18 19:14:57.401230 , 
